{
 "cells": [
  {
   "cell_type": "code",
   "execution_count": 292,
   "metadata": {
    "collapsed": true
   },
   "outputs": [],
   "source": [
    "import os\n",
    "import numpy as np\n",
    "import pandas as pd\n",
    "import csv\n",
    "import matplotlib.pyplot as plt\n",
    "from sklearn import linear_model, metrics, cross_validation\n",
    "import statsmodels.formula.api as smf\n",
    "import statsmodels.api as sm\n",
    "import seaborn as sns\n",
    "\n",
    "\n",
    "pd.set_option('display.max_rows', 15)\n",
    "pd.set_option('display.notebook_repr_html', True)\n",
    "pd.set_option('display.max_columns', 10)\n",
    "\n",
    "%matplotlib inline\n",
    "plt.style.use('ggplot')"
   ]
  },
  {
   "cell_type": "code",
   "execution_count": 180,
   "metadata": {
    "collapsed": false
   },
   "outputs": [
    {
     "data": {
      "text/html": [
       "<div>\n",
       "<table border=\"1\" class=\"dataframe\">\n",
       "  <thead>\n",
       "    <tr style=\"text-align: right;\">\n",
       "      <th></th>\n",
       "      <th>mpg</th>\n",
       "      <th>cylinders</th>\n",
       "      <th>displacement</th>\n",
       "      <th>horsepower</th>\n",
       "      <th>weight</th>\n",
       "      <th>acceleration</th>\n",
       "      <th>model_year</th>\n",
       "      <th>origin</th>\n",
       "      <th>car_name</th>\n",
       "    </tr>\n",
       "  </thead>\n",
       "  <tbody>\n",
       "    <tr>\n",
       "      <th>0</th>\n",
       "      <td>18.0</td>\n",
       "      <td>8</td>\n",
       "      <td>307.0</td>\n",
       "      <td>130.0</td>\n",
       "      <td>3504.0</td>\n",
       "      <td>12.0</td>\n",
       "      <td>70</td>\n",
       "      <td>1</td>\n",
       "      <td>chevrolet chevelle malibu</td>\n",
       "    </tr>\n",
       "    <tr>\n",
       "      <th>1</th>\n",
       "      <td>15.0</td>\n",
       "      <td>8</td>\n",
       "      <td>350.0</td>\n",
       "      <td>165.0</td>\n",
       "      <td>3693.0</td>\n",
       "      <td>11.5</td>\n",
       "      <td>70</td>\n",
       "      <td>1</td>\n",
       "      <td>buick skylark 320</td>\n",
       "    </tr>\n",
       "    <tr>\n",
       "      <th>2</th>\n",
       "      <td>18.0</td>\n",
       "      <td>8</td>\n",
       "      <td>318.0</td>\n",
       "      <td>150.0</td>\n",
       "      <td>3436.0</td>\n",
       "      <td>11.0</td>\n",
       "      <td>70</td>\n",
       "      <td>1</td>\n",
       "      <td>plymouth satellite</td>\n",
       "    </tr>\n",
       "    <tr>\n",
       "      <th>3</th>\n",
       "      <td>16.0</td>\n",
       "      <td>8</td>\n",
       "      <td>304.0</td>\n",
       "      <td>150.0</td>\n",
       "      <td>3433.0</td>\n",
       "      <td>12.0</td>\n",
       "      <td>70</td>\n",
       "      <td>1</td>\n",
       "      <td>amc rebel sst</td>\n",
       "    </tr>\n",
       "    <tr>\n",
       "      <th>4</th>\n",
       "      <td>17.0</td>\n",
       "      <td>8</td>\n",
       "      <td>302.0</td>\n",
       "      <td>140.0</td>\n",
       "      <td>3449.0</td>\n",
       "      <td>10.5</td>\n",
       "      <td>70</td>\n",
       "      <td>1</td>\n",
       "      <td>ford torino</td>\n",
       "    </tr>\n",
       "    <tr>\n",
       "      <th>5</th>\n",
       "      <td>15.0</td>\n",
       "      <td>8</td>\n",
       "      <td>429.0</td>\n",
       "      <td>198.0</td>\n",
       "      <td>4341.0</td>\n",
       "      <td>10.0</td>\n",
       "      <td>70</td>\n",
       "      <td>1</td>\n",
       "      <td>ford galaxie 500</td>\n",
       "    </tr>\n",
       "    <tr>\n",
       "      <th>6</th>\n",
       "      <td>14.0</td>\n",
       "      <td>8</td>\n",
       "      <td>454.0</td>\n",
       "      <td>220.0</td>\n",
       "      <td>4354.0</td>\n",
       "      <td>9.0</td>\n",
       "      <td>70</td>\n",
       "      <td>1</td>\n",
       "      <td>chevrolet impala</td>\n",
       "    </tr>\n",
       "    <tr>\n",
       "      <th>...</th>\n",
       "      <td>...</td>\n",
       "      <td>...</td>\n",
       "      <td>...</td>\n",
       "      <td>...</td>\n",
       "      <td>...</td>\n",
       "      <td>...</td>\n",
       "      <td>...</td>\n",
       "      <td>...</td>\n",
       "      <td>...</td>\n",
       "    </tr>\n",
       "    <tr>\n",
       "      <th>391</th>\n",
       "      <td>36.0</td>\n",
       "      <td>4</td>\n",
       "      <td>135.0</td>\n",
       "      <td>84.0</td>\n",
       "      <td>2370.0</td>\n",
       "      <td>13.0</td>\n",
       "      <td>82</td>\n",
       "      <td>1</td>\n",
       "      <td>dodge charger 2.2</td>\n",
       "    </tr>\n",
       "    <tr>\n",
       "      <th>392</th>\n",
       "      <td>27.0</td>\n",
       "      <td>4</td>\n",
       "      <td>151.0</td>\n",
       "      <td>90.0</td>\n",
       "      <td>2950.0</td>\n",
       "      <td>17.3</td>\n",
       "      <td>82</td>\n",
       "      <td>1</td>\n",
       "      <td>chevrolet camaro</td>\n",
       "    </tr>\n",
       "    <tr>\n",
       "      <th>393</th>\n",
       "      <td>27.0</td>\n",
       "      <td>4</td>\n",
       "      <td>140.0</td>\n",
       "      <td>86.0</td>\n",
       "      <td>2790.0</td>\n",
       "      <td>15.6</td>\n",
       "      <td>82</td>\n",
       "      <td>1</td>\n",
       "      <td>ford mustang gl</td>\n",
       "    </tr>\n",
       "    <tr>\n",
       "      <th>394</th>\n",
       "      <td>44.0</td>\n",
       "      <td>4</td>\n",
       "      <td>97.0</td>\n",
       "      <td>52.0</td>\n",
       "      <td>2130.0</td>\n",
       "      <td>24.6</td>\n",
       "      <td>82</td>\n",
       "      <td>2</td>\n",
       "      <td>vw pickup</td>\n",
       "    </tr>\n",
       "    <tr>\n",
       "      <th>395</th>\n",
       "      <td>32.0</td>\n",
       "      <td>4</td>\n",
       "      <td>135.0</td>\n",
       "      <td>84.0</td>\n",
       "      <td>2295.0</td>\n",
       "      <td>11.6</td>\n",
       "      <td>82</td>\n",
       "      <td>1</td>\n",
       "      <td>dodge rampage</td>\n",
       "    </tr>\n",
       "    <tr>\n",
       "      <th>396</th>\n",
       "      <td>28.0</td>\n",
       "      <td>4</td>\n",
       "      <td>120.0</td>\n",
       "      <td>79.0</td>\n",
       "      <td>2625.0</td>\n",
       "      <td>18.6</td>\n",
       "      <td>82</td>\n",
       "      <td>1</td>\n",
       "      <td>ford ranger</td>\n",
       "    </tr>\n",
       "    <tr>\n",
       "      <th>397</th>\n",
       "      <td>31.0</td>\n",
       "      <td>4</td>\n",
       "      <td>119.0</td>\n",
       "      <td>82.0</td>\n",
       "      <td>2720.0</td>\n",
       "      <td>19.4</td>\n",
       "      <td>82</td>\n",
       "      <td>1</td>\n",
       "      <td>chevy s-10</td>\n",
       "    </tr>\n",
       "  </tbody>\n",
       "</table>\n",
       "<p>398 rows × 9 columns</p>\n",
       "</div>"
      ],
      "text/plain": [
       "      mpg  cylinders  displacement  horsepower  weight  acceleration  \\\n",
       "0    18.0          8         307.0       130.0  3504.0          12.0   \n",
       "1    15.0          8         350.0       165.0  3693.0          11.5   \n",
       "2    18.0          8         318.0       150.0  3436.0          11.0   \n",
       "3    16.0          8         304.0       150.0  3433.0          12.0   \n",
       "4    17.0          8         302.0       140.0  3449.0          10.5   \n",
       "5    15.0          8         429.0       198.0  4341.0          10.0   \n",
       "6    14.0          8         454.0       220.0  4354.0           9.0   \n",
       "..    ...        ...           ...         ...     ...           ...   \n",
       "391  36.0          4         135.0        84.0  2370.0          13.0   \n",
       "392  27.0          4         151.0        90.0  2950.0          17.3   \n",
       "393  27.0          4         140.0        86.0  2790.0          15.6   \n",
       "394  44.0          4          97.0        52.0  2130.0          24.6   \n",
       "395  32.0          4         135.0        84.0  2295.0          11.6   \n",
       "396  28.0          4         120.0        79.0  2625.0          18.6   \n",
       "397  31.0          4         119.0        82.0  2720.0          19.4   \n",
       "\n",
       "     model_year  origin                   car_name  \n",
       "0            70       1  chevrolet chevelle malibu  \n",
       "1            70       1          buick skylark 320  \n",
       "2            70       1         plymouth satellite  \n",
       "3            70       1              amc rebel sst  \n",
       "4            70       1                ford torino  \n",
       "5            70       1           ford galaxie 500  \n",
       "6            70       1           chevrolet impala  \n",
       "..          ...     ...                        ...  \n",
       "391          82       1          dodge charger 2.2  \n",
       "392          82       1           chevrolet camaro  \n",
       "393          82       1            ford mustang gl  \n",
       "394          82       2                  vw pickup  \n",
       "395          82       1              dodge rampage  \n",
       "396          82       1                ford ranger  \n",
       "397          82       1                 chevy s-10  \n",
       "\n",
       "[398 rows x 9 columns]"
      ]
     },
     "execution_count": 180,
     "metadata": {},
     "output_type": "execute_result"
    }
   ],
   "source": [
    "df = pd.read_csv(os.path.join('..', 'datasets', 'auto-mpg.csv'))\n",
    "df"
   ]
  },
  {
   "cell_type": "code",
   "execution_count": 181,
   "metadata": {
    "collapsed": false
   },
   "outputs": [
    {
     "data": {
      "text/html": [
       "<div>\n",
       "<table border=\"1\" class=\"dataframe\">\n",
       "  <thead>\n",
       "    <tr style=\"text-align: right;\">\n",
       "      <th></th>\n",
       "      <th>mpg</th>\n",
       "      <th>cylinders</th>\n",
       "      <th>displacement</th>\n",
       "      <th>horsepower</th>\n",
       "      <th>weight</th>\n",
       "      <th>acceleration</th>\n",
       "      <th>model_year</th>\n",
       "      <th>origin</th>\n",
       "    </tr>\n",
       "  </thead>\n",
       "  <tbody>\n",
       "    <tr>\n",
       "      <th>mpg</th>\n",
       "      <td>1.000000</td>\n",
       "      <td>-0.775396</td>\n",
       "      <td>-0.804203</td>\n",
       "      <td>-0.778427</td>\n",
       "      <td>-0.831741</td>\n",
       "      <td>0.420289</td>\n",
       "      <td>0.579267</td>\n",
       "      <td>0.563450</td>\n",
       "    </tr>\n",
       "    <tr>\n",
       "      <th>cylinders</th>\n",
       "      <td>-0.775396</td>\n",
       "      <td>1.000000</td>\n",
       "      <td>0.950721</td>\n",
       "      <td>0.842983</td>\n",
       "      <td>0.896017</td>\n",
       "      <td>-0.505419</td>\n",
       "      <td>-0.348746</td>\n",
       "      <td>-0.562543</td>\n",
       "    </tr>\n",
       "    <tr>\n",
       "      <th>displacement</th>\n",
       "      <td>-0.804203</td>\n",
       "      <td>0.950721</td>\n",
       "      <td>1.000000</td>\n",
       "      <td>0.897257</td>\n",
       "      <td>0.932824</td>\n",
       "      <td>-0.543684</td>\n",
       "      <td>-0.370164</td>\n",
       "      <td>-0.609409</td>\n",
       "    </tr>\n",
       "    <tr>\n",
       "      <th>horsepower</th>\n",
       "      <td>-0.778427</td>\n",
       "      <td>0.842983</td>\n",
       "      <td>0.897257</td>\n",
       "      <td>1.000000</td>\n",
       "      <td>0.864538</td>\n",
       "      <td>-0.689196</td>\n",
       "      <td>-0.416361</td>\n",
       "      <td>-0.455171</td>\n",
       "    </tr>\n",
       "    <tr>\n",
       "      <th>weight</th>\n",
       "      <td>-0.831741</td>\n",
       "      <td>0.896017</td>\n",
       "      <td>0.932824</td>\n",
       "      <td>0.864538</td>\n",
       "      <td>1.000000</td>\n",
       "      <td>-0.417457</td>\n",
       "      <td>-0.306564</td>\n",
       "      <td>-0.581024</td>\n",
       "    </tr>\n",
       "    <tr>\n",
       "      <th>acceleration</th>\n",
       "      <td>0.420289</td>\n",
       "      <td>-0.505419</td>\n",
       "      <td>-0.543684</td>\n",
       "      <td>-0.689196</td>\n",
       "      <td>-0.417457</td>\n",
       "      <td>1.000000</td>\n",
       "      <td>0.288137</td>\n",
       "      <td>0.205873</td>\n",
       "    </tr>\n",
       "    <tr>\n",
       "      <th>model_year</th>\n",
       "      <td>0.579267</td>\n",
       "      <td>-0.348746</td>\n",
       "      <td>-0.370164</td>\n",
       "      <td>-0.416361</td>\n",
       "      <td>-0.306564</td>\n",
       "      <td>0.288137</td>\n",
       "      <td>1.000000</td>\n",
       "      <td>0.180662</td>\n",
       "    </tr>\n",
       "    <tr>\n",
       "      <th>origin</th>\n",
       "      <td>0.563450</td>\n",
       "      <td>-0.562543</td>\n",
       "      <td>-0.609409</td>\n",
       "      <td>-0.455171</td>\n",
       "      <td>-0.581024</td>\n",
       "      <td>0.205873</td>\n",
       "      <td>0.180662</td>\n",
       "      <td>1.000000</td>\n",
       "    </tr>\n",
       "  </tbody>\n",
       "</table>\n",
       "</div>"
      ],
      "text/plain": [
       "                   mpg  cylinders  displacement  horsepower    weight  \\\n",
       "mpg           1.000000  -0.775396     -0.804203   -0.778427 -0.831741   \n",
       "cylinders    -0.775396   1.000000      0.950721    0.842983  0.896017   \n",
       "displacement -0.804203   0.950721      1.000000    0.897257  0.932824   \n",
       "horsepower   -0.778427   0.842983      0.897257    1.000000  0.864538   \n",
       "weight       -0.831741   0.896017      0.932824    0.864538  1.000000   \n",
       "acceleration  0.420289  -0.505419     -0.543684   -0.689196 -0.417457   \n",
       "model_year    0.579267  -0.348746     -0.370164   -0.416361 -0.306564   \n",
       "origin        0.563450  -0.562543     -0.609409   -0.455171 -0.581024   \n",
       "\n",
       "              acceleration  model_year    origin  \n",
       "mpg               0.420289    0.579267  0.563450  \n",
       "cylinders        -0.505419   -0.348746 -0.562543  \n",
       "displacement     -0.543684   -0.370164 -0.609409  \n",
       "horsepower       -0.689196   -0.416361 -0.455171  \n",
       "weight           -0.417457   -0.306564 -0.581024  \n",
       "acceleration      1.000000    0.288137  0.205873  \n",
       "model_year        0.288137    1.000000  0.180662  \n",
       "origin            0.205873    0.180662  1.000000  "
      ]
     },
     "execution_count": 181,
     "metadata": {},
     "output_type": "execute_result"
    }
   ],
   "source": [
    "df.corr()"
   ]
  },
  {
   "cell_type": "code",
   "execution_count": 182,
   "metadata": {
    "collapsed": false
   },
   "outputs": [],
   "source": [
    "df['gpm'] = 1/df.mpg"
   ]
  },
  {
   "cell_type": "code",
   "execution_count": 183,
   "metadata": {
    "collapsed": false
   },
   "outputs": [
    {
     "data": {
      "text/plain": [
       "0      0.055556\n",
       "1      0.066667\n",
       "2      0.055556\n",
       "3      0.062500\n",
       "4      0.058824\n",
       "5      0.066667\n",
       "6      0.071429\n",
       "         ...   \n",
       "391    0.027778\n",
       "392    0.037037\n",
       "393    0.037037\n",
       "394    0.022727\n",
       "395    0.031250\n",
       "396    0.035714\n",
       "397    0.032258\n",
       "Name: gpm, dtype: float64"
      ]
     },
     "execution_count": 183,
     "metadata": {},
     "output_type": "execute_result"
    }
   ],
   "source": [
    "df.gpm"
   ]
  },
  {
   "cell_type": "code",
   "execution_count": 184,
   "metadata": {
    "collapsed": false,
    "scrolled": true
   },
   "outputs": [
    {
     "data": {
      "text/html": [
       "<div>\n",
       "<table border=\"1\" class=\"dataframe\">\n",
       "  <thead>\n",
       "    <tr style=\"text-align: right;\">\n",
       "      <th></th>\n",
       "      <th>mpg</th>\n",
       "      <th>cylinders</th>\n",
       "      <th>displacement</th>\n",
       "      <th>horsepower</th>\n",
       "      <th>weight</th>\n",
       "      <th>acceleration</th>\n",
       "      <th>model_year</th>\n",
       "      <th>origin</th>\n",
       "      <th>gpm</th>\n",
       "    </tr>\n",
       "  </thead>\n",
       "  <tbody>\n",
       "    <tr>\n",
       "      <th>mpg</th>\n",
       "      <td>1.000000</td>\n",
       "      <td>-0.775396</td>\n",
       "      <td>-0.804203</td>\n",
       "      <td>-0.778427</td>\n",
       "      <td>-0.831741</td>\n",
       "      <td>0.420289</td>\n",
       "      <td>0.579267</td>\n",
       "      <td>0.563450</td>\n",
       "      <td>-0.935364</td>\n",
       "    </tr>\n",
       "    <tr>\n",
       "      <th>cylinders</th>\n",
       "      <td>-0.775396</td>\n",
       "      <td>1.000000</td>\n",
       "      <td>0.950721</td>\n",
       "      <td>0.842983</td>\n",
       "      <td>0.896017</td>\n",
       "      <td>-0.505419</td>\n",
       "      <td>-0.348746</td>\n",
       "      <td>-0.562543</td>\n",
       "      <td>0.839278</td>\n",
       "    </tr>\n",
       "    <tr>\n",
       "      <th>displacement</th>\n",
       "      <td>-0.804203</td>\n",
       "      <td>0.950721</td>\n",
       "      <td>1.000000</td>\n",
       "      <td>0.897257</td>\n",
       "      <td>0.932824</td>\n",
       "      <td>-0.543684</td>\n",
       "      <td>-0.370164</td>\n",
       "      <td>-0.609409</td>\n",
       "      <td>0.866631</td>\n",
       "    </tr>\n",
       "    <tr>\n",
       "      <th>horsepower</th>\n",
       "      <td>-0.778427</td>\n",
       "      <td>0.842983</td>\n",
       "      <td>0.897257</td>\n",
       "      <td>1.000000</td>\n",
       "      <td>0.864538</td>\n",
       "      <td>-0.689196</td>\n",
       "      <td>-0.416361</td>\n",
       "      <td>-0.455171</td>\n",
       "      <td>0.854809</td>\n",
       "    </tr>\n",
       "    <tr>\n",
       "      <th>weight</th>\n",
       "      <td>-0.831741</td>\n",
       "      <td>0.896017</td>\n",
       "      <td>0.932824</td>\n",
       "      <td>0.864538</td>\n",
       "      <td>1.000000</td>\n",
       "      <td>-0.417457</td>\n",
       "      <td>-0.306564</td>\n",
       "      <td>-0.581024</td>\n",
       "      <td>0.885219</td>\n",
       "    </tr>\n",
       "    <tr>\n",
       "      <th>acceleration</th>\n",
       "      <td>0.420289</td>\n",
       "      <td>-0.505419</td>\n",
       "      <td>-0.543684</td>\n",
       "      <td>-0.689196</td>\n",
       "      <td>-0.417457</td>\n",
       "      <td>1.000000</td>\n",
       "      <td>0.288137</td>\n",
       "      <td>0.205873</td>\n",
       "      <td>-0.455750</td>\n",
       "    </tr>\n",
       "    <tr>\n",
       "      <th>model_year</th>\n",
       "      <td>0.579267</td>\n",
       "      <td>-0.348746</td>\n",
       "      <td>-0.370164</td>\n",
       "      <td>-0.416361</td>\n",
       "      <td>-0.306564</td>\n",
       "      <td>0.288137</td>\n",
       "      <td>1.000000</td>\n",
       "      <td>0.180662</td>\n",
       "      <td>-0.557427</td>\n",
       "    </tr>\n",
       "    <tr>\n",
       "      <th>origin</th>\n",
       "      <td>0.563450</td>\n",
       "      <td>-0.562543</td>\n",
       "      <td>-0.609409</td>\n",
       "      <td>-0.455171</td>\n",
       "      <td>-0.581024</td>\n",
       "      <td>0.205873</td>\n",
       "      <td>0.180662</td>\n",
       "      <td>1.000000</td>\n",
       "      <td>-0.530213</td>\n",
       "    </tr>\n",
       "    <tr>\n",
       "      <th>gpm</th>\n",
       "      <td>-0.935364</td>\n",
       "      <td>0.839278</td>\n",
       "      <td>0.866631</td>\n",
       "      <td>0.854809</td>\n",
       "      <td>0.885219</td>\n",
       "      <td>-0.455750</td>\n",
       "      <td>-0.557427</td>\n",
       "      <td>-0.530213</td>\n",
       "      <td>1.000000</td>\n",
       "    </tr>\n",
       "  </tbody>\n",
       "</table>\n",
       "</div>"
      ],
      "text/plain": [
       "                   mpg  cylinders  displacement  horsepower    weight  \\\n",
       "mpg           1.000000  -0.775396     -0.804203   -0.778427 -0.831741   \n",
       "cylinders    -0.775396   1.000000      0.950721    0.842983  0.896017   \n",
       "displacement -0.804203   0.950721      1.000000    0.897257  0.932824   \n",
       "horsepower   -0.778427   0.842983      0.897257    1.000000  0.864538   \n",
       "weight       -0.831741   0.896017      0.932824    0.864538  1.000000   \n",
       "acceleration  0.420289  -0.505419     -0.543684   -0.689196 -0.417457   \n",
       "model_year    0.579267  -0.348746     -0.370164   -0.416361 -0.306564   \n",
       "origin        0.563450  -0.562543     -0.609409   -0.455171 -0.581024   \n",
       "gpm          -0.935364   0.839278      0.866631    0.854809  0.885219   \n",
       "\n",
       "              acceleration  model_year    origin       gpm  \n",
       "mpg               0.420289    0.579267  0.563450 -0.935364  \n",
       "cylinders        -0.505419   -0.348746 -0.562543  0.839278  \n",
       "displacement     -0.543684   -0.370164 -0.609409  0.866631  \n",
       "horsepower       -0.689196   -0.416361 -0.455171  0.854809  \n",
       "weight           -0.417457   -0.306564 -0.581024  0.885219  \n",
       "acceleration      1.000000    0.288137  0.205873 -0.455750  \n",
       "model_year        0.288137    1.000000  0.180662 -0.557427  \n",
       "origin            0.205873    0.180662  1.000000 -0.530213  \n",
       "gpm              -0.455750   -0.557427 -0.530213  1.000000  "
      ]
     },
     "execution_count": 184,
     "metadata": {},
     "output_type": "execute_result"
    }
   ],
   "source": [
    "df.corr()"
   ]
  },
  {
   "cell_type": "code",
   "execution_count": 187,
   "metadata": {
    "collapsed": false
   },
   "outputs": [
    {
     "data": {
      "text/plain": [
       "<seaborn.axisgrid.FacetGrid at 0x1299e41d0>"
      ]
     },
     "execution_count": 187,
     "metadata": {},
     "output_type": "execute_result"
    },
    {
     "data": {
